7045
12894
4448
4199
15123
10258
8737
343
4672
20470
16501
5208
8354
1560
11327
109
492
3558
12024
6116
13172
14938
6021
404
3063
4611
6651
1603
2007
2614
5677
2875
2770
3071
4328
3747
4181
5314
3708
4762
20439
3960
11858
2593
5626
952
415
2630
4507
4988
11502
3321
1145
13761
4480
5653
5940
20291
8228
3305
5822
6471
560
10291
3522
1171
3473
1120
13786
3092
9597
2834
4183
3851
12587
11659
1375
20163
3308
217
7707
3511
4893
8287
2052
6645
3597
2131
6947
10322
13021
15218
10729
3998
27803
99
4425
10457
15526
6893
1550
5486
17911
4299
12951
2792
1786
13320
1560
10715
175
216
133
12772
1553
2072
2655
18230
19875
1609
6944
8565
2980
8675
16264
3210
3031
9083
11144
3740
2398
25181
72
16492
606
5452
12247
3422
1758
3293
3411
24060
4718
17120
5527
13212
3851
3427
664
15215
2735
18046
24398
4916
6370
8520
7553
3951
2322
21692
3045
17081
3457
4775
14153
10032
6934
1774
3548
11776
3655
1711
10966
4405
1205
5134
20476
3624
1110
2835
9766
6446
16584
21196
2327
1307
7971
2985
5166
1759
1001
10265
7459
4471
15232
19832
1778
6080
10804
2967
388
11529
1328
6615
776
1427
3215
16902
732
13157
843
5907
14022
1559
6095
8153
1022
7873
12348
1653
2414
14846
2582
652
14051
5389
6364
17680
318
7814
9900
578
250
22511
10092
1601
19314
9018
2055
959
22536
1269
3120
6395
872
19475
24673
5162
5411
2262
4347
12306
4712
518
6944
1187
1377
18
95
5195
2055
1632
344
1183
5545
2067
6917
8742
1294
4732
686
1078
2630
2629
2703
1249
2428
358
1867
6075
16795
76
8749
2983
1492
10486
23209
13158
18072
15028
16614
2413
1121
1023
20416
4753
5193
1152
3185
5037
18041
6795
3008
19381
1062
13567
5495
3248
14181
5328
5039
1149
1426
5118
10056
980
24713
3174
2652
319
1788
3822
4761
5901
10630
4206
1947
2317
1661
8690
4471
4516
1630
21082
9308
2499
15243
11460
14178
6482
270
8405
5539
21164
1979
6809
1522
11958
2651
2553
8856
10885
11539
15182
6136
10622
4385
16045
598
24826
7714
4502
8782
4754
3084
11562
3827
15213
2531
5966
21689
2518
17232
2393
5870
5392
636
9146
10193
529
28591
10218
5486
2572
5740
8567
3016
778
22778
17702
21620
531
2191
20662
1187
3317
2654
7776
10071
8250
6461
9671
14759
6309
2935
84
8452
640
9710
3798
3574
572
11480
21726
5440
22969
789
14007
1819
21774
2186
778
3857
12778
1598
4181
3020
18912
1190
9365
1841
1544
23076
2893
1977
7565
5601
2613
4248
6754
14777
4739
11751
11088
2533
5498
8084
1506
12818
6828
957
10354
451
9665
8103
1593
13816
24723
5640
18507
27559
20906
4025
8399
2424
10199
4282
3820
4577
4666
7826
3084
9466
806
15023
2477
840
519
18000
11079
5949
4730
16314
4999
3569
6094
3289
12113
2176
6630
5791
5473
2862
4807
2509
1914
10735
18005
2346
14439
2014
1432
1410
1754
6943
17083
5157
7451
19137
6178
5958
7400
9274
7408
915
4112
9737
9304
13463
4135
7558
20159
2150
11115
4090
4751
980
6296
834
9810
4151
3729
4172
4445
2707
0
5963
8278
5988
12285
8419
27399
12260
11971
8808
154
10838
10666
18462
1459
12867
6479
10026
10033
4097
16454
7691
11143
14027
6024
2197
577
15520
16381
9463
2354
5388
6798
4298
5984
374
7694
20870
3005
2423
7130
6029
12364
12822
1608
8070
15619
3039
2938
2904
12754
14460
7828
13847
3317
859
3520
4245
19619
15720
1761
3862
4487
59
26026
24563
11588
5869
24864
7028
28
7329
1674
13578
4625
2550
4567
20897
4285
7295
15344
7921
7457
14271
22896
11976
15585
2016
7931
1880
16665
8498
996
575
17131
6331
273
1476
12295
5856
15617
6068
23781
3873
8012
12626
17026
1486
7879
3263
18242
39
25200
3021
1777
1401
16941
1586
17363
9408
19201
2584
13765
757
968
1650
13668
12195
14112
15321
2953
9725
973
12249
899
713
20649
5206
1572
4057
13757
13137
335
3559
8534
1183
760
16277
8381
5878
13598
15965
364
956
8116
30403
7816
2670
23627
7379
4571
16481
1966
16725
13096
16495
24137
14368
3540
3281
9082
17139
20099
7186
720
1805
20022
686
8389
24602
10695
1343
7221
6043
3827
2010
11836
6838
16348
11363
13878
25210
205
16843
10355
1182
2061
4110
8669
9511
7542
1465
10448
1390
8245
2093
6248
2141
362
9970
6843
6729
1288
5918
16678
5876
1605
1885
3444
4100
10798
6423
14454
2373
9931
3910
6582
5947
24367
16914
19814
10485
887
9366
1462
1207
9582
9671
9342
371
4841
5156
23339
8538
1036
758
3716
297
5804
22893
8652
2341
2421
6206
18672
5374
2504
11221
1578
2175
15373
2381
112
2493
1575
1780
6907
4622
3314
150
11643
795
10244
21127
18687
22740
4806
4488
2758
1466
412
8545
4817
1778
1764
4321
307
1634
4701
1038
16218
2967
7303
17619
4874
1854
10210
27320
748
26861
95
33
11751
2513
2962
1534
1884
328
12603
5450
4779
2838
2619
4406
3114
7351
124
2607
766
1938
948
4274
4447
6537
3661
22
4802
2779
3879
23488
4788
476
2034
11982
2979
3514
2287
2373
8402
9458
6956
17053
20101
9919
4361
3140
5409
17232
4457
3546
12423
2014
429
1034
775
1174
3016
4423
3140
6288
4626
3573
5399
1194
5560
4749
3576
7545
6635
586
2338
3960
6357
6364
992
3858
1212
4234
805
6269
2981
3357
9062
20772
2187
7591
9911
4800
4903
8295
4081
1218
6542
6139
237
10555
4083
10218
4980
7556
2297
7353
12930
3554
3765
4341
6604
7775
175
23916
7848
4418
3892
1839
6947
18805
1257
3
8017
1441
13089
2740
367
1969
4674
4199
82
16920
6662
26355
11324
8483
6307
7654
5631
4167
11984
20
2622
2057
4138
14260
2983
5227
5944
982
3484
9400
8
535
435
468
12050
10720
2654
2205
2095
8841
13432
17038
8894
2057
12828
14244
19151
7889
12850
1968
1642
667
3151
1755
29772
10952
14370
2028
13344
4182
11291
6448
10859
11689
4185
14047
5122
4497
4312
16604
5665
16650
4983
4063
21191
1008
12405
1467
4369
11694
18821
2950
2734
767
3096
4451
2104
6617
2330
2430
2652
11371
577
25091
10931
1688
8625
5092
6352
6057
10489
22440
4262
2680
1953
22244
9902
2373
1063
6542
7966
8348
2017
2271
4464
3024
4025
14934
16865
1480
143
4348
2323
4261
16784
15135
4529
10854
6344
2555
6789
887
19
4188
9863
1818
2712
13985
3004
4452
10807
3967
147
7771
5072
5306
4528
4436
1004
5751
2963
95
5087
3096
5610
11092
5118
4376
5417
2911
7426
3107
5189
9556
1843
5303
12779
7841
4395
1388
9746
1393
2290
19519
2610
3222
3132
18757
3292
10240
12346
18604
2352
8647
9255
14360
7345
6335
814
713
1200
644
1699
5633
2711
9856
2753
3521
1090
9858
2935
3371
520
3242
8781
14272
3003
962
3163
976
10873
1668
3966
14093
4200
13908
9961
11859
6672
1698
12038
4248
6783
10835
4172
22287
4693
2472
1317
7365
14278
4813
14862
908
1874
3398
932
10079
161
956
2760
1744
1759
2763
2791
1349
3333
1623
127
9960
3444
14912
19659
9470
3495
3013
3656
3201
8815
447
1471
8279
1119
2607
2004
9562
11272
857
1718
2231
10250
1209
12496
2354
6761
20917
11508
13171
1065
9427
1716
879
19688
1766
1177
21205
4795
16323
7575
13217
993
3669
9597
1892
2536
5391
2976
8920
4900
5888
167
3505
406
4996
574
998
3325
15440
20422
1047
19157
3071
2913
4501
11242
18010
1194
2252
3056
11889
702
6998
13358
3641
7805
1529
2468
9597
1408
7939
53
5302
4654
5754
14251
3240
28088
3624
5055
1637
24540
14457
8092
26458
9286
9023
9935
5405
444
3587
12387
144
10567
2062
2531
712
21525
777
10542
8419
6989
1072
19912
1757
3130
32079
17411
2998
10533
4519
10062
6383
14781
7290
2622
15203
10685
11114
2601
3057
3810
30742
5600
220
2538
3361
8540
10047
7356
12271
10298
12235
7134
1330
14492
27960
11668
25735
1202
4000
22993
8251
19974
8813
12256
11770
3997
22989
737
5055
23677
7391
4973
5562
3418
3474
5294
9994
6472
9367
8843
10253
5599
TIME = 356
